0.79392459166539 0.702952485501958 0.787145557655955 0.652775946196225 1 0.790819340126331
0.40009158907037 0.688509043675176 0.386105860113422 0.559412564064727 0.301029995663981 0.457755567624862
0.0331247137841601 0.579444677537086 0.289981096408317 0.390455015055501 0.397940008672037 0.272301736588514
0.11581437948405 0.390007414261823 0.188563327032136 0.608538960412357 0.301029995663981 0.341003884200695
0.2688139215387 0.0666708814925071 0.466351606805293 0.253594941320019 0.397940008672037 0.421681129669954
0.52984277209586 0.445941984838124 0.463799621928167 0.449616526867028 0.301029995663981 0.499590586695088
0.46102885055717 0.604693400157481 0.427693761814744 0.175489311572826 0.397940008672037 0.445759147606323
0.46576095252633 0.365281713211753 0.224480151228733 0.82057371179653 0.397940008672037 0.497924911794374
0.37907189742024 0.381116047566226 0.189508506616257 0.301628840332397 0.477121254719662 0.292239170192089
0.09876354754999 0.359873325325164 0.0998345935727788 0.595548768321484 0.176091259055681 0.298942131623926
0.37643107922455 0.351263585628978 0.237240075614367 0.57199945072554 0.301029995663981 0.391319422652649
0.31392153869638 0.543706786061187 0.443241965973534 0.57511340586438 0.301029995663981 0.467029542936638
0.51305144252786 0.409451172200543 0.418383742911154 0.612491047932206 0.397940008672037 0.50967658995507
0.24988551366204 0.396272178126203 0.531899810964083 0.574076858256885 0.477121254719662 0.485087443675615
0.47208059838193 0.916264821339277 0.576205103969754 0.580274740565396 0.477121254719662 0.554295344904558
0.46420393833003 0.646483398375758 0.495864839319471 0.504336918045357 0.397940008672037 0.492112171718149
0.73472752251565 0.536430463994849 0.241375236294897 0.380915591902621 0.397940008672037 0.508739137758997
0.36782170660968 0.603227790262601 0.440453686200378 0.559412564064727 0.301029995663981 0.47186784711975
0.6799267287437 0.384259924477986 1 0.462429598826732 0.977723605288848 0.92761975657435
0.59227598839872 0.223548615142338 0.11836011342155 0.408783953249113 0.301029995663981 0.375190781563942
0.49961837887345 0.279362488433177 0.339201323251418 0.539692358291885 0.544068044350276 0.442252237164165
0.56800488475042 0.346142572231577 0.35101606805293 0.605561152950745 0.544068044350276 0.483712599245303
0.31479163486491 0.319859301450091 0.487452741020793 0.614459301146122 0.698970004336019 0.499483014781448
0.07342390474737 0.678301501819078 0.637287334593573 0.56046958598538 0.397940008672037 0.509777242448941
0.30876202106549 0.166182919609861 0.418950850661626 0.600571686548543 0.397940008672037 0.467071327321945
0.27801862311098 0.0993855933421093 0.17320415879017 0.593530133671515 0.301029995663981 0.356888442054355
0.31550908258281 0.653667760605554 0.446006616257088 0.558354048699117 0.477121254719662 0.461676494461864
0.15280109906884 0.144083821391008 0.611436672967863 0.584378358766085 0.544068044350276 0.507722437936451
0.49091741718822 0.465627137347764 0.30304820415879 0.483090866759552 0.397940008672037 0.404860736832552
0.61379941993589 0.137014408956891 0.194517958412098 0.53664542618936 0.397940008672037 0.421740433092976
0.47632422530911 0.597658472662064 0.627126654064273 0.602571462343414 0.544068044350276 0.593024723404476
0.10227446191421 0.573904097385465 0.447778827977315 0.303417330682876 0.176091259055681 0.369647686248466
0.20656388337658 0.176068602038058 0.127717391304348 0.212355615648785 0.176091259055681 0.172776035097986
0.42604182567547 0.685158257131195 0.359404536862004 0.550902267413332 0 0.445729679723281
0.24255838803236 0.622269223916453 0.506025519848771 0.567827274236657 0.176091259055681 0.471299351381139
0.62217981987483 0.663507463115483 0.372164461247638 0.273036975958771 0.698970004336019 0.507656043176917
0.3662952221035 0.206800429912236 0.46961247637051 0.630983910297134 0.653212513775344 0.511143639946193
0.62958326972981 0.167131255424193 0.397920604914934 0.537965833829524 0.477121254719662 0.523466255798476
0.51274614562662 0.358815787204939 0.608459357277883 0.937545349721825 0.977723605288848 0.71915590185643
0.76095252633186 0.43732649765215 0.32632325141777 0.541644576951967 0.544068044350276 0.561863213179573
0.59277972828576 0.434619429963962 0 0.477447883588031 0.397940008672037 0.321246916837763
0.63344527553045 0.586571564869045 0.527173913043478 0.57511340586438 0.698970004336019 0.584765874978173
0.0452755304533699 0.565713924443499 0.498109640831758 0.602571462343414 0.301029995663981 0.437716288522037
0.56209738971149 0.414336538516802 0.290170132325141 0.56046958598538 0.397940008672037 0.437536496036883
0.19737444664937 0.599578134249867 0.205765595463138 0.927905401349064 0.301029995663981 0.49427407554782
0.09795451076172 0.556345516095845 0.473653119092627 0.160867878292062 0.301029995663981 0.388693957651845
0.41402839261181 0.81274678284259 0.423062381852552 0.466770497389627 0.397940008672037 0.438596534781622
0.0566325751793601 0.134485513451998 0.247637051039698 0.570333367231689 0.176091259055681 0.334215178198091
0.13826896656999 0.363540223807254 0.444234404536862 0.583354559527472 0.477121254719662 0.430991145988329
0.67850709815295 0.666662835006812 0.468241965973535 0.596556049657919 0.698970004336019 0.582191587068817
0.25750267134789 0.00919598365414118 0.255434782608696 0.439197966816719 0.301029995663981 0.329623574391083
0.74385589986262 0.168918724746965 0.349598298676748 0.623253005098067 0.544068044350276 0.563259516794118
0.32376736376126 0.662237267873254 0.528119092627599 0.595548768321484 0.176091259055681 0.509024322478625
0.18352923217829 0.275304760645789 0.455812854442344 0.569916266789843 0.397940008672037 0.440125886674213
0.29450465577774 0.279759065228263 0.456710775047259 0.354900197916949 0.301029995663981 0.42003005393696
0.05886124255839 0.391967308278108 0.457986767485822 0.279150899847812 0.301029995663981 0.367729925550414
0.32926270798351 0.517791354625869 0.285160680529301 0.371149785964861 0.301029995663981 0.325905769604614
0.0286979087162299 0.50909540258292 0.410207939508507 0.516698213162765 0.301029995663981 0.366759298624261
0.50499160433522 0.8803430101903 0.584829867674858 0.753134415910927 0.397940008672037 0.634458615588098
0.38794077240116 0.388311904775587 0.455907372400756 0.557294035662462 0.397940008672037 0.481309940528584
0.37505724316898 0.0888561920581194 0.499007561436673 0.545033671000453 0.544068044350276 0.489487113317137
0.53747519462677 0.527636804625581 0.454158790170133 0.49147643891003 0.544068044350276 0.499310702046586
0.11860784613036 0.510055233376821 0.0718336483931948 0.43421393492969 0.176091259055681 0.224102028186167
0.33216302854526 0.49469794067441 0.478260869565217 0.722808710808724 0.544068044350276 0.543566886254203
0.35277056937872 0.0943450448016847 0.18133270321361 0.360438758450831 0.397940008672037 0.277324281933111
0.37997252327889 0.297513061170535 0.306238185255199 0.343416512734582 0.301029995663981 0.346197258794516
0.06579148221646 0.259183051802127 0.607868620037808 0.498058271715618 0.397940008672037 0.485285203319382
0.38849030682339 0.61205018708079 0.45765595463138 0.250374221676644 0.397940008672037 0.442015078386456
0.16522668294917 0.170562506825146 0.335302457466918 0.328490327212566 0.301029995663981 0.296842120207151
0.4061975270951 0.47985217456276 0.427457466918715 0.460500791201952 0.477121254719662 0.435938077486391
0.38166692108075 0.308071199903441 0.710066162570889 0.738286633120108 0.977723605288848 0.647151878143491
0.43080445733476 0.100006322238763 0.406545368620038 0.579245314311568 0.397940008672037 0.479387147332728
0.71821096015875 0.216801062136114 0.401701323251418 1 0.812913356642856 0.686548838798894
0.31460845672416 0.0981671255079357 0.538397920604914 0.588459622174401 0.602059991327962 0.507923098733014
0.1741718821554 0.938680031496245 0.416469754253308 0.600571686548543 0.397940008672037 0.435713321189348
0.03373530758663 0.676594497353282 0.277292060491493 0.577182208605073 0.176091259055681 0.342814779014532
0.42024118455198 0.52705056066763 0.351843100189036 0.211682903650021 0.397940008672037 0.388910281589969
0.15290795298428 0.451252665398389 0.241020793950851 0.267747541478792 0.397940008672037 0.231843335175296
0.48575789955732 0.456994407692439 0.212925330812855 0.0962156390720603 0.698970004336019 0.360782312655822
0.69226072355366 0.442654420681767 0.114933837429112 0.790511817590128 0.477121254719662 0.467317686227906
0.37452297359182 0.45678175057044 0.119659735349717 0.563337163408758 0.397940008672037 0.333709516688938
0.12051595176309 0.414704377862967 0.489721172022684 0.496094850825405 0.477121254719662 0.408793555397194
0.03816211265456 0.34252165366776 0.404158790170133 0.252607875446554 0.176091259055681 0.321393589228866
0.62341627232484 0.198834409071838 0.102788279773157 0.655758266643765 0.397940008672037 0.397940008672397
0.10430468630743 0.224611900752346 0.449881852551985 0.41216482421574 0.176091259055681 0.371734248046129
0.5301480689971 0.526349366914 0.267958412098299 0.759604513060948 0.477121254719662 0.502322763689041
0.44819111586017 0.133847542085993 0.154773156899811 0.56046958598538 0.397940008672037 0.358938440099276
0.13668142268356 0.445395973308659 0.418856332703213 0.449366641892405 0.301029995663981 0.367315906648395
0.50022897267593 0.205903821505959 0.553119092627599 0.541076789112462 0.602059991327962 0.541158706988794
0.56128835292322 0.181476989924652 0.513350661625709 0.623253005098067 0.544068044350276 0.564248550656925
0.49168065944131 0.61292955301772 0.459002835538753 0.562579166306959 0.301029995663981 0.505223617089682
0.61379941993589 0.573139681244215 0.145368620037807 0.533367046140983 0.301029995663981 0.399226744799054
0.4010380094642 0.934179746995497 0.439272211720226 0.39310104921455 0.301029995663981 0.430626063744586
0.20317508777286 0.0137939754812118 0.385255198487712 0.357248007662638 0.477121254719662 0.344080242876041
0.53411692871317 0.164039105920489 0.316753308128545 0.594540130878145 0.397940008672037 0.458848816322707
0.46508929934361 0.531723269861886 0.570344990548204 0.42067560960572 0.544068044350276 0.546542838867715
0.30544954968707 0.383989792458145 0.305009451795841 0.684129861200242 0.544068044350276 0.457532932748201
0.53036177682797 0.169694635867785 0.475945179584121 0.568224631299211 0.740362689494244 0.520661747198949
0.4849641276141 0.384512814028475 0.373818525519849 0.158704018206719 0.477121254719662 0.434051998914699
0.19879407724012 0.0442039439274893 0.154773156899811 0.218382995394694 0.477121254719662 0.186507163508774
0.53126240268661 0.0479340647971991 0.532939508506616 0.543617649567518 0.602059991327962 0.536854431187616
0.69775606777591 0.0807637264424764 0.313563327032136 0.60952893849525 0.602059991327962 0.52177006479003
0.21447107311861 0.602061049836483 0.491611531190926 0.632904235695831 0.740362689494244 0.485760335450795
0.83043810105327 0.407543005592309 0.284310018903591 0 0.698970004336019 0.580274867594187
0.71546328804763 0.407560248061661 0.525047258979205 0.896601352609499 0.903089986991943 0.701084041478462
0.45443443749046 0.13153705119289 0.524574669187146 0.630021898619949 0.740362689494244 0.551118642530276
0.44512288200275 0.726022909494278 0.398109640831759 0.488589358496319 0 0.441067562438592
0.24229888566631 0.118467259424448 0.355033081285445 0.251332317424603 0.602059991327962 0.329539766928861
0.29558845977713 0.578312422049671 0.0746691871455577 0.563631733071149 0.397940008672037 0.302185314060175
0.19694703098764 0.519136267235283 0.40132325141777 0.411206310180155 0 0.359080769895576
0.44961074645092 0.120283466196141 0.286625708884688 0.608538960412357 0.301029995663981 0.438865116332571
0.0320561746298299 0.348269143451597 0.438657844990549 0.175955341617431 0.397940008672037 0.34671037383071
0.13143031598229 0.764370161332037 0.515359168241966 0.424145284807704 0.544068044350276 0.428538848396332
0.24988551366204 0.743886107742443 0.497495274102079 0.575730506846726 0.477121254719662 0.472963702280951
1 0.436286202001277 0.522991493383743 0.314646353259926 0.977723605288848 0.781498160774163
0.44588612425584 0.356574266189243 0.249503780718337 0.345969321072179 0.301029995663981 0.355929860039984
0.42805678522363 0.346746058658879 0.186862003780719 0.342461908204893 0.397940008672037 0.317573423552054
0.21662341627232 0.416480352206174 0.455812854442344 0.236505146941201 0.397940008672037 0.401723396451762
0.09210807510304 0.68599739063964 0.449196597353497 0.395790410727558 0.301029995663981 0.368445855301898
0.25905968554419 0.814620464512121 0.39319470699433 0.605561152950745 0.301029995663981 0.448264316816633
0.35258739123798 0.649581295369249 0.510680529300567 0.606555071117946 0.602059991327962 0.513485518637833
0.31222714089452 0.264430509974768 0.473653119092627 0.2573719687478 0.301029995663981 0.437148816339322
0.3746908868875 0.307812562863169 0.588846880907373 0.59956979336923 0.698970004336019 0.544730580054442
0.47841550908258 0.143003293311648 0.452741020793951 0.410592423429635 0.740362689494244 0.466654874136966
0.6271103648298 0.512423199167761 0.16836011342155 0.241372410217361 0.397940008672037 0.41697202916581
0.49940467104259 0.85385857726638 0.443761814744802 0.554104967995283 0.397940008672037 0.495914051900711
0.04762631659289 0.243865991528202 0.425330812854442 0.596556049657919 0.301029995663981 0.408775683662842
0.05309113112502 0.331980757404205 0.443525519848771 0.435712629020485 0.397940008672037 0.355234060875822
0.6236299801557 0.195144520630614 0.297920604914934 0.451935008795661 0.698970004336019 0.474433274948115
0.01114333689513 0.00689698774060354 0.40945179584121 0.364779967629631 0 0.319379722332084
0.16686002137078 0.398680376345629 0.497967863894139 0.565732440582627 0.301029995663981 0.450343591454255
0.20673179667226 0.109685095034744 0.315122873345936 0.556657307193595 0.397940008672037 0.387743933697361
0.54205464814532 0.332135939628366 0.297164461247638 0.373024172965705 0.653212513775344 0.429878543310165
0.28633796366967 0.439981837932283 0.320534026465029 0.313378237140948 0.301029995663981 0.312801049139029
0.03784155090826 0.0673835702257066 0.525803402646502 0.592518773030398 0.176091259055681 0.442286781747325
0.28175851015112 0.866773186810661 0.389886578449905 0.489621072840843 0.176091259055681 0.405542759443539
0.40009158907037 0.439625493565683 0.326535916824197 0.548600693670013 0.602059991327962 0.42612058817751
0.67485880018318 0.055342579128568 0.199551039697542 0.673588771909551 0.397940008672037 0.457136016576938
0.1222714089452 0.404623280782118 0.396620982986768 0.59756197852911 0.397940008672037 0.415388261850894
0.15757899557319 0.109334498157931 0.455812854442344 0.591506045268713 0.397940008672037 0.442939846204105
0.17111891314303 0.25552190080982 0.336720226843101 0.144852498385489 0.477121254719662 0.299271728409797
0.18667379026103 0.575720304157158 0.477788279773157 0.417782963074609 0.845098040014257 0.411956673363755
0.46199053579606 0.5988194655984 0.417863894139886 0.526262937858107 0.397940008672037 0.467624503109371
0.12280567852236 0.162895355453505 0.566635160680529 0.858984428541678 0.477121254719662 0.58383636993535
0.41746298275072 0.654978188276268 0.405765595463138 0.521827344416366 0.301029995663981 0.454074563082609
0.71088383452908 0.497232583669081 0.0942816635160681 0.543375622105738 0.176091259055681 0.428438749026114
0.64493970386201 0.339843323428493 0.503071833648394 0.582329359310111 0.397940008672037 0.579954719026853
0.62173713936804 0.0237946077050843 0.22093572778828 0.275204170319805 0.477121254719662 0.43814325292852
0.42697298122424 0.560133111863392 0.416942344045369 0.225023698188941 0.301029995663981 0.422378277687833
0.34055869332926 0.540378989476345 0.0998345935727788 0.244599773392098 0.176091259055681 0.230290935389764
0.20995267898031 0.421865750133629 0.219565217391304 0.661296161334098 0.477121254719662 0.395032042872884
0.64664936650893 0.471138980050464 0.844754253308129 0.637683624415529 0.977723605288848 0.79995551121384
0.31077698061365 0.520900746598921 0.491398865784499 0.607547672443567 0.477121254719662 0.497262508989718
0.14846588307129 0.460638316215395 0.39695179584121 0.417015840830579 0.698970004336019 0.348828752081226
0.32376736376126 0.401870233175661 0.180860113421551 0.231042240308757 0.176091259055681 0.258306273225639
0.39856510456419 0.341975642138296 0.228497164461248 0.318157677146375 0.176091259055681 0.320662599283081
0.15249580216761 0.29010454683917 0.408790170132325 0.291715088702621 0.544068044350276 0.350832663499462
0.26392917111891 0.814534252165367 0.483459357277883 0.477447883588031 0.397940008672037 0.433815573368832
0.29583269729812 0.2501250079028 0.468336483931947 0.249414899106497 0.698970004336019 0.429327084554839
0.53947488932987 0.401502393829497 0.165524574669187 0.569916266789843 0.397940008672037 0.380422498025516
0.5614562662189 0.182482800636822 0.560964083175804 0.573038874538909 0.602059991327962 0.56588871929582
0.13416272324836 0.400157481220079 0.614248582230624 0.579245314311568 0.740362689494244 0.50568365520055
0.6063959700809 0.358982464408669 0.43265595463138 0.554300955395353 0.477121254719662 0.526811408388058
0.29166539459624 0.584634660811889 0.232041587901701 0.573038874538909 0.397940008672037 0.377507070030492
0.36650892993436 0.210093741558375 0.121928166351607 0.424195966155646 0.397940008672037 0.277673203766997
0.27797282857579 0.289156211024833 0.586129489603024 0.378969358083431 0.653212513775344 0.516444026487791
0.12874370325141 0.384777198558529 0.422967863894139 0.266184691711553 0.397940008672037 0.356433047396153
0.49520683865059 0.561886096247466 0.0965500945179585 0.592518773030398 0.477121254719662 0.351729011316105
0.4580980003053 0.0596359539970942 0.0746691871455577 0.745252232977522 0.397940008672037 0.397940008672221
0.74922912532438 0.0972187896936033 0.328095463137997 0.855145243602015 0.653212513775344 0.598915507130777
0.02243932224088 0.466960554977613 0.297069943289225 0.348115280608587 0.301029995663981 0.255493646727884
0.14058922301939 0.321393881222378 0.480505671077505 0.623253005098067 0.544068044350276 0.461043508059163
0.33077392764463 0.161958514618742 0.113894139886578 0.48091864880644 0.301029995663981 0.291808641594199
0.46115096931766 0.18062061394686 0.458412098298676 0.605561152950745 0.301029995663981 0.517970438793611
0.24515341169287 0.533930305938882 0.215028355387523 0.343337479260404 0.301029995663981 0.270838501700372
0.50606014348954 0.620717401674819 0.552410207939508 0.567827274236657 0.477121254719662 0.548128687323169
0.45182414898489 0.59396858422084 0.44234404536862 0.605561152950745 0.301029995663981 0.509306431034155
0.23275835750267 0.277040502560505 0.501275992438563 0.574076858256885 0.653212513775344 0.469830975579269
0.46241795145779 0.835713752018804 0.397637051039697 0.400026303566817 0.176091259055681 0.432743960970086
0.0802930850251901 0.0360942358424945 0.308955576559547 0.32841546241197 0.301029995663981 0.265072371024532
0.23213249885514 0.647857048434097 0.535916824196597 0.615441492038791 0.602059991327962 0.499200675775646
0.34452755304534 0.611716832673329 0.456994328922496 0.550028759169532 0.397940008672037 0.468974962230251
0.27027934666463 0.616958543356188 0.470108695652174 0.608538960412357 0.698970004336019 0.480589241869555
0.88737597313387 0.460569346337988 0.486294896030246 0.483559202398683 0.8750612633917 0.703653981156438
0.31582964432911 0.419520774301823 0.136105860113422 0.482387813904416 0.397940008672037 0.300484907580916
0.28865822011907 0.0528251786032448 0.310727788279773 0.348732088922988 0.301029995663981 0.321020351826309
0.32266829491681 0.90135008535022 0.448251417769376 0.547019358426611 0.477121254719662 0.459571677898992
0.66692108075103 0.438705895200272 0.131143667296786 0.435213397362388 0.397940008672037 0.421499146694237
0.5435811326515 0.165407008489041 0.366138941398866 0.260531283297187 0.397940008672037 0.462300726522033
0.1741718821554 0.438418520711079 0.431356332703214 0.59756197852911 0.397940008672037 0.440036571466917
0.2692108075103 0.538729459908387 0.278497164461248 0.436710095436956 0.301029995663981 0.340021963284485
0.34712257670585 0.454816109064364 0.389839319470699 0.239104955190032 0 0.380179505555128
0.5671347885819 0.199058561173406 0.141776937618148 0.898218201884027 0.397940008672037 0.505436457861496
0.7063959700809 0.264942036565529 0.474362003780719 0.638635854261448 0.740362689494244 0.600108875204837
0.22799572584338 0.0593025995896285 0.314981096408317 0.368888857588508 0.176091259055681 0.316989350439684
0.34513814684781 0.46727091942594 0.511672967863894 0.427457691978073 0.477121254719662 0.474013369370605
0.123950541902 0.664151181971276 0.398156899810964 0.385935197502607 0.176091259055681 0.33614883879337
0.40268661273088 0.791527050560667 0.561200378071834 0.416503989273607 0.929418925714293 0.525354632888073
0.39474889329873 0.857019696647486 0.631379962192817 0.629058650065069 0.698970004336019 0.577869044829204
0.681727980461 0.0778210116731509 0.312854442344046 0.579245314311568 0.397940008672037 0.512759198138912
0.32285147305755 0.340452557345578 0.726843100189036 0.620333224013727 0.977723605288848 0.635485855021956
0.65196153259044 0.47762214852663 0.121502835538752 0.532832403763764 0.397940008672037 0.408975926817415
0.13417798809342 0.174999568938268 0.395250472589792 0.939629218129311 0.544068044350276 0.555132488932007
0.66646313539918 0.57438688652731 0.564508506616257 0.310823755447823 0.602059991327962 0.619761087956025
0.56121202869791 0.331440493364523 0.362712665406427 0.59956979336923 0.544068044350276 0.485711470044748
0.271851625706 0.149520946726518 0.435018903591683 0.292923765845036 0.397940008672037 0.398120829453637
0.21996641734086 0.24852145825311 0.074976370510397 0.152902982470802 0.176091259055681 0.153551266536557
0.70538849030682 0.521412273189686 0.382797731568997 0.794445565297604 0.602059991327962 0.593434314944442
0.53762784307739 0.0528654110317306 0.193761814744801 0.397840487017394 0.544068044350276 0.380114174881259
0.36376125782323 0.53304519251217 0.223771266540643 0.55026008107246 0.397940008672037 0.374636323936014
0.18729964890856 0.68402600164378 0.412854442344046 0.549831650827011 0.301029995663981 0.416933185510181
0.25127461456266 0.493197845840826 0.469636105860114 0.540061500608251 0.544068044350276 0.448577935381506
0.46441764616089 0.423072722988233 0.433412098298676 0.565732440582627 0.301029995663981 0.490958423047264
0.45347275225156 0.504756047796125 0.58187618147448 0.5864217695865 0.477121254719662 0.554667474296336
0.11616547092047 0.0666593865129424 0.309262759924386 0.394420569992809 0.301029995663981 0.299842337123166
0.11665394596245 0.528286270971151 0.234640831758035 0.615441492038791 0.397940008672037 0.361097360814927
0.60537322546176 0.668605486553745 0.474362003780719 0.426927680099593 0.397940008672037 0.545361312677303
0.31466951610441 0.0203288713654331 0.148865784499054 0.48177796730323 0.301029995663981 0.305922389468827
0.61379941993589 0.152664823638277 0.673913043478262 0.42672567214393 0.698970004336019 0.660319160152187
0.30346511982903 0.0624177390524715 0.44258034026465 0.578074167389599 0.477121254719662 0.465609687660465
0.48313234620669 0.56911643839553 0.42835538752363 0.578214471625872 0.301029995663981 0.496277778788903
0.28868874980919 0.333842944094167 0.387523629489602 0.6439460900699 0.698970004336019 0.468292863057597
0.29094794687834 0.563052836673584 0.212665406427222 0.835502219063461 0.544068044350276 0.47407991797848
0.30867043199512 0.277074987499209 0.472448015122873 0.276717484881771 0.301029995663981 0.435411928704625
0.29293237673638 0.141077884234062 0.372967863894139 0.227992917863189 0 0.354868920422741
0.37108838345291 0.513750869307828 0.508128544423441 0.33126655332356 0.301029995663981 0.477138764579651
0.18064417646161 0.323675634666559 0.0864839319470699 0.506837347989307 0.397940008672037 0.268689934551833
0.41535643413219 0.143583789779816 0.566162570888468 0.589476473564382 0.653212513775344 0.541435407029408
0.27629369561899 0.285408847685772 0.471408317580341 0.48027468810857 0.397940008672037 0.430851363693543
0.50511372309571 0.558288167642783 0.477126654064272 0.569774399724662 0.301029995663981 0.518296838742405
0.29781712715616 0.777750317548812 0.583506616257089 0.526262937858107 0.397940008672037 0.518901800353597
0.2546176156312 1 0.676984877126654 0.621307749268489 0.740362689494244 0.581472230657092
0.6742482063807 0.258033553845356 0.383034026465028 0.218716432234304 0.397940008672037 0.54085261062578
0.27482827049305 0.163981631022651 0.437381852551984 0.410422096801772 0.397940008672037 0.400622557428989
0.32590444206991 0.371149900281053 0.285916824196597 0.297439017162774 0.653212513775344 0.307587435286256
0.74026866127309 0.894435855140265 0.461956521739131 0.611504978818447 0.698970004336019 0.612783064007114
0.26200580064112 0.704929621987595 0.590737240075615 0.502513167565039 0.602059991327962 0.51639906896117
0.52144710731186 0.421515153256816 0.138232514177694 0.103248972420966 0.176091259055681 0.34590916143351
0.36209738971149 0.263809781078114 0.271266540642722 0.239753500046131 0.301029995663981 0.320490778289083
0.43965806747062 0.14519883440907 0.253308128544423 0.450199267885923 0.301029995663981 0.358536423676968
0.72643871164708 0.477242814200896 0.0782136105860114 0.445371885703583 0.176091259055681 0.429508206531351
0.17875133567394 0.24154400565553 0.428520793950851 0.630021898619949 0.602059991327962 0.453071779659858
0.0525110670126701 0.213134163654024 0.493809073724007 0.460500791201952 0.477121254719662 0.394015495136425
0.20580064112349 0.652000988568244 0.423062381852552 0.587441388769021 0.301029995663981 0.440036025232993
0.18333078919249 0.344245900602912 0.44234404536862 0.187053968789638 0.397940008672037 0.383771698921684
0.53823843687987 0.101333992378829 0.553520793950851 0.624223742230071 0.602059991327962 0.578497841570905
0.43123187299649 0.422388771703959 0.202362948960302 0.670775194595572 0.544068044350276 0.422726097593663
0.65626621889788 0.367316324595232 0.462310964083176 0.215817242064141 0.477121254719662 0.567421723848406
0.49616852388948 0.593238653018293 0.458648393194707 0.613475820907115 0.477121254719662 0.526156515183755
0.21905052663715 0.0630557104184771 0.328024574669188 0.36847406785683 0.397940008672037 0.319648190623301
0.51610441154022 0.558960623947492 0.565217391304347 0.510585963062668 0.929418925714293 0.554111154858165
0.24315371698977 0.304042209564974 0.193761814744801 0.609924563735227 0.477121254719662 0.368024545506561
0.65464814532132 0 0.11578449905482 0.380313982177514 0.301029995663981 0.407812509964867
0.29705388490307 0.845524717079812 0.709120982986768 0.571166872117701 0.653212513775344 0.615937579231178
0.55048084261945 0.393559362948233 0.558128544423441 0.489621072840843 0.653212513775344 0.556399120044863
0.45351854678675 0.405353211984664 0.269139886578449 0.339715589109799 0.301029995663981 0.369060773370398
0.5284689360403 0.229296104926176 0.305198487712665 0.300434137052074 0.698970004336019 0.426196119250564
0.36421920317509 0.296765887498636 0.339484877126655 0.631026210452012 0.602059991327962 0.460184740547721
0.12231720348038 0.150296857847337 0.151228733459357 0.2573719687478 0.477121254719662 0.187375916698324
0.11112807205007 0.187080792463893 0.276654064272212 0.363401650337594 0.176091259055681 0.27410784043709
0.11415051137231 0.239928961026271 0.212759924385633 0.567827274236657 0.477121254719662 0.333249845186177
0.49955731949321 0.130749645092506 0.560018903591683 0.617402019276872 0.698970004336019 0.569422755166501
0.37978934513815 0.0157481220077143 0.185491493383743 0.187053968789638 0.397940008672037 0.290787917748365
0.44223782628606 0.688313629022524 0.479206049149338 0.486456366986516 0.397940008672037 0.473761875537495
0.23706304381011 0.293754202851904 0.424385633270321 0.549831650827011 0.301029995663981 0.432472843985231
0.55831170813616 0.22067487025042 0.374598298676748 0.8544292655235 0.698970004336019 0.593241315502936
0.39337505724317 0.29822574990373 0.469045368620038 0.2573719687478 0.544068044350276 0.451933550641334
0.63883376583728 0.358447947858774 0.310137051039698 0.591506045268713 0.397940008672037 0.488268659063446
0.0408945199206199 0.630338699572962 0.30023629489603 0.542510599488205 0.397940008672037 0.339019431894732
0.40354144405434 0.458189885567478 0.353875236294896 0.510188449145248 0.477121254719662 0.423678719159887
0.19262707983514 0.521872072372392 0.42632325141777 0.582329359310111 0.397940008672037 0.436213338047831
0.25722790413677 0.0618889699923588 0.120510396975425 0.516980356658493 0.397940008672037 0.299060680738548
0.28346817279805 0.0169148624338325 0.142249527410207 0.653377093129556 0.301029995663981 0.367538169153391
0.33991756983667 0.915690072360896 0.472707939508506 0.512489297570415 0.954242509439325 0.458677128052368
0.5137536254007 0.403761157314544 0.0803402646502836 0.203222637597243 0.176091259055681 0.315221282359904
0.33475805220577 0.63701728270178 0.650756143667297 0.88709681440127 0.929418925714293 0.674341030262888
0.56571515799115 0.558816936702895 0.524432892249528 0.5864217695865 0.477121254719662 0.555132208012799
0.56580674706152 0.717545362063119 0.464083175803402 0.605561152950745 0.812913356642856 0.535197636250335
0.21818043046863 0.320388070510203 0.267863894139886 0.590491946685407 0.301029995663981 0.386372405785669
0.08945199206228 0.102983521946792 0.465595463137996 0.219715853274168 0.397940008672037 0.380535702001222
0.55324377957564 0.50564690871262 0.476890359168242 0.570958582815259 0.477121254719662 0.525392746815734
0.28899404671043 0.542614763002258 0.317462192816635 0.413939472806251 0.477121254719662 0.349822510837187
0.19517630896046 0.535499370649868 0.350661625708884 0.616422396961372 0.477121254719662 0.422375498089871
0.33633033124714 0.0271281517797131 0.399692816635161 0.399151694023948 0.176091259055681 0.385364247122246
0.26594413066707 0.103403088701012 0.39874763705104 0.581302754274516 0.301029995663981 0.442129828277069
0.23523126240269 0.657570306168781 0.616138941398866 0.570958582815259 0.477121254719662 0.530001819045248
0.70045794535185 0.356654731046215 0.437523629489602 0.530711992555079 0.740362689494244 0.580016421113693
0.35437337811021 0.559759525027445 0.401512287334594 0.194107868163304 0 0.390852460254704
0.36788276598993 0.589807401617345 0.226843100189036 0.483793260476287 0.397940008672037 0.349890158644193
0.32645397649214 0.190638488640085 0.564154064272211 0.34644173496194 0.653212513775344 0.510401402738726
0.31550908258281 0.229911086333043 0.580529300567107 0.740944516391087 0.477121254719662 0.585108985056499
0.48546786750114 0.157423745179291 0.183246691871455 0.14337943424862 0.397940008672037 0.34703033061849
0.45544191726454 0.216611394973245 0.237476370510397 0.0775333372183623 0.477121254719662 0.355599100641569
0.4187910242711 0.542821672634474 0.82202268431002 0.600291291487056 1 0.730837295427406
0.1537780491528 0.190195931926731 0.0796786389413988 0.591506045268713 0.397940008672037 0.295866356634685
0.34742787360708 0.310289730960002 0.17351134215501 0.938311213665581 0.397940008672037 0.505384147020806
0.40912837734697 0.755628229370819 0.444848771266541 0.197421455520368 0.301029995663981 0.436771087063179
0.27937719432148 0.512974958187013 0.485822306238186 0.580274740565396 0.477121254719662 0.477121254720325
0.61431842466799 0.278804981924143 0.123700378071834 0.126227687839108 0.397940008672037 0.389582504759625
0.33445275530453 0.169752110765623 0.199669187145557 0.548467612031363 0.544068044350276 0.358778189540757
0.36446344069608 0.75370856778302 0.538870510396976 0.604565914443327 0.176091259055681 0.52584988877136
0.15796061669974 0.253148187529098 0.383979206049149 0.479333604543298 0.176091259055681 0.371214598981126
0.36482979697756 0.672002253015994 0.440099243856332 0.498852293677836 0.477121254719662 0.446705411715847
0.31373836055564 0.172930472616086 0.43804347826087 0.521693870030317 0.176091259055681 0.443573271986191
0.43069760341933 0.422055417296498 0.160916824196598 0.579245314311568 0.397940008672037 0.366857888571981
0.16269271866891 0.0623545166648469 0.150992438563327 0.629058650065069 0.477121254719662 0.34488065294929
0.50773927644634 0.404123249170926 0.765595463137996 0.606555071117946 0.845098040014257 0.70728477231328
0.66745535032819 0.549448528355241 0.30359168241966 0.109584712739141 0.845098040014257 0.5007814240507
0.13997862921691 0.118927058607153 0.303638941398865 0.370850536776617 0.477121254719662 0.293658284806575
0.30422836208212 0.51759019248343 0.499243856332704 0.590479769163663 0.812913356642856 0.491833945346905
0.38777285910548 0.696222174965085 0.496597353497165 0.527297086165365 0.477121254719662 0.484333956518366
0.55931918791024 0.681410893792134 0.617958412098299 0.489574629767096 0.954242509439325 0.604697944254927
0.19340558693329 0.399249377834232 0.481450850661626 0.57199945072554 0.301029995663981 0.452727114467617
0.26270798351397 0.133801562167725 0.536767485822307 0.582329359310111 0.740362689494244 0.493115184031527
0.47974355060296 0.216329767973839 0.441162570888468 0.533099772644287 0.698970004336019 0.483527898419742
0 0.512905988309606 0.394896030245747 0.348939446729694 0.176091259055681 0.305595631356828
0.54942756831018 0.296656685192743 0.42476370510397 0.565732440582627 0.301029995663981 0.498880118745828
0.15768584948863 0.700469569915338 0.435964083175804 0.624223742230071 0.740362689494244 0.448743193168062
0.2393833002595 0.250027300576472 0.143431001890359 0.239429297795603 0.301029995663981 0.195449219846288
0.60844145931919 0.144319468472145 0.264650283553875 0.349600366886289 0.397940008672037 0.450962078611448
0.27311860784613 0.465776572082143 0.541351606805292 0.44562803147896 0.8750612633917 0.480694340163878
0.4849641276141 0.159510083970826 0.374480151228733 0.786972746807521 0.544068044350276 0.555806789314328
0.02289726759273 0.577777905499771 0.429702268431001 0.0914897978336945 0.301029995663981 0.337708816832491
0.21920317508777 0.738190345366661 0.505671077504726 0.577182208605073 0.653212513775344 0.469648187957647
0.45651045641887 0.173189109656357 0.474007561436673 0.610517610149439 0.477121254719662 0.524947871551707
0.15767058464357 0.193949042755575 0.26429584120983 0.561525118669303 0.176091259055681 0.359713706609759
0.0963211723401001 0.144779267654851 0.253875236294896 0.306619964194039 0.397940008672037 0.239457624479048
0.19650435048084 0.327974757024868 0.294541587901701 0.573038874538909 0.397940008672037 0.384368512422739
0.1786902762937 0.616728643764837 0.264272211720227 0.420706159981885 0.301029995663981 0.307828385118527
0.36373072813311 0.332216404485343 0.402292060491493 0.387799602341712 0.176091259055681 0.393571936465043
0.29491680659441 0.302289225180901 0.478638941398865 0.409569882327321 0.301029995663981 0.437092664236821
0.0887650740345 0.594893930076038 0.510751417769376 0.335186293242415 0.397940008672037 0.415324910701769
0.19926728743703 0.313519820218521 0.430647448015122 0.588174656289547 0.544068044350276 0.441672974482119
0.4061975270951 0.304875595583631 0.434782608695652 0.493327221521493 0.301029995663981 0.451861992449319
0.73675774690887 0.527159762973523 0.0892722117202269 0.524775506030893 0.397940008672037 0.440166012488224
0.58693329262708 0.742707872336755 0.555411153119093 0.60952893849525 0.845098040014257 0.581580802655649
0.27186689055106 0.498157929524279 0.538350661625709 0.567827274236657 0.477121254719662 0.489942877021426
0.57350022897268 0.173666151308415 0.537381852551984 0.594540130878145 0.740362689494244 0.565416717651949
0.36895130514425 0.111035755133944 0.435207939508507 0.558354048699117 0.176091259055681 0.469747679160154
0.42378262860632 0.589525774617935 0.254347826086957 0.314352998730843 0.477121254719662 0.346170142737127
