RMSE 0.156912634794026
Av. abs error 0.121800581867797
Pearson Correlation 0.631595637242979
Spearman Correlation 0.582679534069074
Orness 0.643574950868064
i Shapley i
1 0.317010334501162
2 0
3 0.548940818544571
4 0.134048846953382
binary number fm.weights
1 0.54193303432683
2 0
3 0.54193303432683
4 0.773863518370135
5 0.999999999997865
6 0.773863518370135
7 0.999999999997865
8 0.402146540858998
9 0.541933034326625
10 0.402146540858998
11 0.541933034326625
12 0.773863518370138
13 0.999999999999115
14 0.773863518370138
15 0.999999999999115
